-9,-8,-8,-6,-9,-7,-8,-9,-21,-9,-8,-8,-8,-10,-9,-9,-9,-9,-8,-8,Press any key
-34,-34,-30,-32,-29,-30,-34,-30,-31,-33,-30,-32,-30,-26,-30,-34,-31,-30,-32,-33,Press any key
-45,-47,-45,-50,-41,-42,-45,-53,-56,-49,-47,-44,-51,-51,-47,-47,-62,-50,-44,-46,Press any key
NaN,-45,NaN,-41,-43,-48,-41,-48,-51,-51,-44,-48,-49,-47,-45,-49,-46,-51,-52,-51,Press any key
NaN,-37,-38,-42,-41,-40,-42,-42,-42,-43,-41,-44,-38,-39,-38,-38,-40,-38,-40,-41,Press any key
-52,-50,-66,-65,-62,-57,-50,-48,-49,-45,-47,-55,-53,-51,-47,-49,-47,-47,-47,-46,Press any key
-48,-47,-46,-47,-47,-47,-49,-49,-50,-47,-45,-48,-46,-48,-46,-50,-46,-47,-45,-50,Press any key
-50,-53,-57,-51,-57,-55,-64,-61,-69,-67,-57,-68,-57,-59,-69,-72,-69,-65,-65,-66,Press any key
-72,-60,-60,-62,-61,-60,-63,-70,-63,-63,-71,-70,-69,-67,-65,-65,-71,-69,-61,-57,Press any key
NaN,-84,-85,-83,-89,-80,NaN,-84,-80,-81,-89,-93,NaN,NaN,-87,-88,-85,-85,-86,NaN,Press any key
-79,-77,-79,-76,-79,NaN,-84,-80,-80,-82,-81,NaN,-82,-85,-79,-79,-84,-84,-80,-74,Press any key

0
0,5
nan
2
1
3
nan
4
7
10 b7
15 open air